   B                0.047619     0.095238     0.500000     
   B                0.047619     0.238095     0.500000     
   B                0.047619     0.380952     0.500000     
   B                0.047619     0.523810     0.500000     
   B                0.047619     0.666667     0.500000     
   B                0.047619     0.809524     0.500000     
   B                0.047619     0.952381     0.500000     
   B                0.190476     0.095238     0.500000     
   B                0.190476     0.238095     0.500000     
   B                0.190476     0.380952     0.500000     
   B                0.190476     0.523810     0.500000     
   B                0.190476     0.666667     0.500000     
   B                0.190476     0.809524     0.500000     
   B                0.190476     0.952381     0.500000     
   B                0.333333     0.095238     0.500000     
   B                0.333333     0.238095     0.500000     
   B                0.333333     0.380952     0.500000     
   B                0.333333     0.523810     0.500000     
   B                0.333333     0.666667     0.500000     
   B                0.333333     0.809524     0.500000     
   B                0.333333     0.952381     0.500000     
   B                0.476190     0.095238     0.500000     
   B                0.476190     0.238095     0.500000     
   B                0.476190     0.380952     0.500000     
   B                0.476190     0.523810     0.500000     
   B                0.476190     0.666667     0.500000     
   B                0.476190     0.809524     0.500000     
   B                0.476190     0.952381     0.500000     
   B                0.619048     0.095238     0.500000     
   B                0.619048     0.238095     0.500000     
   B                0.619048     0.380952     0.500000     
   B                0.619048     0.523810     0.500000     
   B                0.619048     0.666667     0.500000     
   B                0.619048     0.809524     0.500000     
   B                0.619048     0.952381     0.500000     
   B                0.761905     0.095238     0.500000     
   B                0.761905     0.238095     0.500000     
   B                0.761905     0.380952     0.500000     
   B                0.761905     0.523810     0.500000     
   B                0.761905     0.666667     0.500000     
   B                0.761905     0.809524     0.500000     
   B                0.761905     0.952381     0.500000     
   B                0.904762     0.095238     0.500000     
   B                0.904762     0.238095     0.500000     
   B                0.904762     0.380952     0.500000     
   B                0.904762     0.523810     0.500000     
   B                0.904762     0.666667     0.500000     
   B                0.904762     0.809524     0.500000     
   B                0.904762     0.952381     0.500000     
   N                0.095238     0.047619     0.500000     
   N                0.095238     0.190476     0.500000     
   N                0.095238     0.333333     0.500000     
   N                0.095238     0.476190     0.500000     
   N                0.095238     0.619048     0.500000     
   N                0.095238     0.761905     0.500000     
   N                0.095238     0.904762     0.500000     
   N                0.238095     0.047619     0.500000     
   N                0.238095     0.190476     0.500000     
   N                0.238095     0.333333     0.500000     
   N                0.238095     0.476190     0.500000     
   N                0.238095     0.619048     0.500000     
   N                0.238095     0.761905     0.500000     
   N                0.238095     0.904762     0.500000     
   N                0.380952     0.047619     0.500000     
   N                0.380952     0.190476     0.500000     
   N                0.380952     0.333333     0.500000     
   N                0.380952     0.476190     0.500000     
   N                0.380952     0.619048     0.500000     
   N                0.380952     0.761905     0.500000     
   N                0.380952     0.904762     0.500000     
   N                0.523810     0.047619     0.500000     
   N                0.523810     0.190476     0.500000     
   N                0.523810     0.333333     0.500000     
   N                0.523810     0.476190     0.500000     
   N                0.523810     0.619048     0.500000     
   N                0.523810     0.761905     0.500000     
   N                0.523810     0.904762     0.500000     
   N                0.666667     0.047619     0.500000     
   N                0.666667     0.190476     0.500000     
   N                0.666667     0.333333     0.500000     
   N                0.666667     0.476190     0.500000     
   N                0.666667     0.619048     0.500000     
   N                0.666667     0.761905     0.500000     
   N                0.666667     0.904762     0.500000     
   N                0.809524     0.047619     0.500000     
   N                0.809524     0.190476     0.500000     
   N                0.809524     0.333333     0.500000     
   N                0.809524     0.476190     0.500000     
   N                0.809524     0.619048     0.500000     
   N                0.809524     0.761905     0.500000     
   N                0.809524     0.904762     0.500000     
   N                0.952381     0.047619     0.500000     
   N                0.952381     0.190476     0.500000     
   N                0.952381     0.333333     0.500000     
   N                0.952381     0.476190     0.500000     
   N                0.952381     0.619048     0.500000     
   N                0.952381     0.761905     0.500000     
   N                0.952381     0.904762     0.500000     
